00000004
00000008
00000013
00000015
00000017
00000019
00000020
00000026
00000029
00000030
00000042
00000044
00000045
00000049
00000050
00000051
00000052
00000054
00000056
00000057
00000060
00000064
00000068
00000069
00000071
00000073
00000074
00000077
00000078
00000079
00000085
00000089
00000091
00000094
00000099
00000103
00000106
00000108
00000113
00000114
00000118
00000126
00000129
00000137
00000145
00000152
00000153
00000155
00000156
00000159
00000162
00000174
00000180
00000187
00000193
00000195
00000201
00000202
00000208
00000210
00000212
00000214
00000215
00000216
00000217
00000219
00000224
00000226
00000227
00000232
00000238
00000239
00000241
00000242
00000246
00000248
00000249
00000260
00000262
00000263
00000264
00000266
00000267
00000271
00000275
00000277
00000280
00000287
00000289
00000291
00000294
00000296
00000297
00000299
00000301
00000303
00000309
00000312
00000314
00000318
00000327
00000332
00000335
00000340
00000343
00000352
00000353
00000354
00000357
00000358
00000359
00000360
00000361
00000367
00000368
00000374
00000378
00000379
00000381
00000383
00000385
00000387
00000389
00000390
00000391
00000392
00000393
00000396
00000397
00000399
00000401
00000411
00000413
00000415
00000418
00000423
00000426
00000427
00000430
00000432
00000433
00000436
00000439
00000447
00000450
00000460
00000462
00000463
00000464
00000465
00000469
00000471
00000475
00000476
00000478
00000482
00000484
00000485
00000487
00000488
00000489
00000490
00000491
00000496
00000497
00000499
00000502
00000503
00000504
00000506
00000507
00000508
00000513
00000520
00000522
00000524
00000528
00000529
00000532
00000534
00000536
00000537
00000540
00000541
00000545
00000546
00000548
00000549
00000553
00000557
00000559
00000563
00000564
00000569
00000578
00000579
00000585
00000588
00000589
00000590
00000593
00000594
00000597
00000599
00000606
00000612
00000616
00000631
00000637
00000638
00000639
00000644
00000645
00000651
00000652
00000654
00000665
00000669
00000670
00000674
00000676
00000677
00000679
00000682
00000684
00000685
00000690
00000693
00000694
00000695
00000698
00000708
00000710
00000711
00000714
00000719
00000721
00000722
00000724
00000726
00000727
00000732
00000734
00000735
00000738
00000740
00000742
00000743
00000744
00000746
00000752
00000753
00000760
00000761
00000764
00000768
00000775
00000781
00000782
