12
-4
-0
-24
-22
-26
-31
-23
3
-13
-13
4
16
-20
-31
-35
-39
-35
-19
15
-34
-14
-41
-17
-16
-39
-27
-18
-9
-35
9
-22
-15
-26
-26
-15
-19
-9
-25
-27
-15
-29
2
-36
-14
4
-22
-7
-23
-0
-30
4
-25
-21
-23
-1
16
5
3
8
-21
4
-0
-2
-36
-18
6
3
-20
7
11
-0
-34
-10
-28
-5
-20
-36
-23
-23
-35
-7
-3
-21
9
6
-17
-29
-17
-35
16
-11
-27
-7
5
14
-16
-27
-40
-21
-33
-20
-39
-5
31
-24
-41
-41
6
-33
-6
-15
6
-45
17
-3
-34
9
-19
-38
-26
-21
2
22
-29
-2
-8
10
-24
-27
-29
-23
-19
-28
7
14
-29
-27
-36
1
7
-25
-22
-9
-12
16
-7
-40
-34
-18
-19
1
-43
-25
-17
-8
-21
-19
-53
-19
-23
10
-17
5
-36
13
13
-5
-14
-32
-38
-15
-29
-26
-33
-19
-17
-31
-28
3
-27
-24
15
-39
-37
4
-21
-11
-26
-2
-11
-7
8
-0
13
-16
2
-12
-40
-20
-16
-23
-34
-23
-13
-17
-31
-22
-13
-17
-19
-26
11
-20
4
-17
-6
-15
-10
-23
-26
-9
-20
2
-5
-1
15
-18
-39
-11
-0
6
-34
-38
17
-21
-26
-24
-24
2
7
-14
4
-34
-17
-41
-40
14
-54
12
-32
-6
-25
-3
-30
-20
