00000000
00000004
00000007
00000009
00000012
00000015
00000024
00000027
00000031
00000034
00000038
00000042
00000043
00000046
00000053
00000055
00000060
00000063
00000064
00000068
00000072
00000074
00000085
00000086
00000089
00000091
00000095
00000100
00000113
00000115
00000121
00000126
00000130
00000131
00000135
00000136
00000137
00000139
00000143
00000145
00000147
00000150
00000163
00000166
00000168
00000171
00000172
00000174
00000176
00000183
00000186
00000193
00000196
00000197
00000200
00000203
00000206
00000207
00000210
00000212
00000213
00000221
00000222
00000228
00000231
00000232
00000236
00000239
00000242
00000244
00000245
00000247
00000252
00000257
00000264
00000274
00000275
00000276
00000278
00000280
00000290
00000297
00000302
00000303
00000304
00000305
00000306
00000307
00000311
00000313
00000324
00000325
00000326
00000328
00000338
00000339
00000340
00000353
00000356
00000359
00000367
00000370
00000375
00000376
00000377
00000378
00000380
00000381
00000383
00000387
00000388
00000389
00000390
00000393
00000394
00000396
00000399
00000401
00000402
00000403
00000404
00000407
00000408
00000410
00000414
00000418
00000420
00000423
00000424
00000425
00000433
00000434
00000436
00000438
00000440
00000441
00000443
00000445
00000446
00000447
00000449
00000456
00000458
00000459
00000460
00000463
00000464
00000466
00000477
00000478
00000481
00000483
00000485
00000488
00000489
00000491
00000492
00000493
00000501
00000509
00000510
00000512
00000513
00000514
00000518
00000519
00000523
00000524
00000528
00000531
00000532
00000537
00000542
00000544
00000550
00000554
00000556
00000558
00000564
00000566
00000570
00000571
00000575
00000577
00000584
00000587
00000589
00000592
00000597
00000598
00000599
00000608
00000610
00000619
00000620
00000622
00000628
00000642
00000646
00000651
00000653
00000659
00000660
00000666
00000668
00000672
00000673
00000674
00000675
00000677
00000680
00000683
00000685
00000686
00000687
00000692
00000694
00000698
00000700
00000702
00000705
00000707
00000709
00000713
00000716
00000717
00000718
00000724
00000729
00000731
00000732
00000733
00000743
00000745
00000748
00000749
00000756
00000760
00000763
00000766
00000767
00000768
00000769
00000771
00000773
00000777
00000781
00000782
00000786
00000790
00000792
00000793
00000794
00000798
00000799
00000800
00000801
00000802
00000805
00000811
00000813
00000816
00000821
00000824
00000825
00000827
00000830
00000831
00000838
00000841
00000853
00000861
00000866
00000869
00000874
00000875
00000877
00000881
00000883
00000889
00000890
00000891
00000894
00000897
00000901
00000902
00000906
00000909
00000911
00000914
00000916
00000918
00000919
00000922
00000923
00000930
00000933
00000943
00000953
00000955
00000962
00000965
00000967
00000971
00000972
00000977
00000983
00000985
00000986
00000989
00000991
00000997
00000998
00001000
00001001
00001003
00001008
00001009
00001012
00001013
00001014
00001017
00001019
00001021
00001023
00001025
00001031
00001032
00001033
00001039
00001043
00001044
00001050
00001051
00001052
00001061
00001062
00001065
00001066
00001068
00001071
00001075
00001082
00001083
00001084
00001086
00001091
00001092
00001096
00001099
00001101
00001102
00001115
00001123
00001124
00001128
00001129
00001132
00001135
00001137
00001142
00001148
00001151
00001152
00001155
00001156
00001158
00001161
00001163
00001164
00001168
00001169
00001176
00001184
00001192
00001195
00001196
00001199
00001200
00001201
00001203
00001204
00001205
00001208
00001209
00001214
00001215
00001216
00001218
00001220
00001234
00001235
00001237
00001240
00001246
00001248
00001249
00001250
00001253
00001257
00001262
00001265
00001267
00001269
00001273
00001274
00001283
00001296
00001297
00001300
00001314
00001318
00001323
00001324
00001326
00001327
00001328
00001334
00001337
00001342
00001344
00001345
00001347
00001350
00001351
00001353
00001357
00001358
00001360
00001361
00001363
00001364
00001371
00001375
00001376
00001377
00001379
00001384
00001390
00001393
00001394
00001397
00001398
00001404
00001413
00001415
00001416
00001419
00001420
00001428
00001430
00001431
00001435
00001442
00001455
00001459
00001461
00001465
00001466
00001467
00001472
00001477
00001479
00001481
00001483
00001487
00001489
00001491
00001492
00001495
00001496
00001497
00001501
00001503
00001506
00001516
00001518
00001522
00001532
00001534
00001536
00001541
00001544
00001545
00001547
00001550
00001551
00001552
00001553
00001554
00001565
00001568
00001571
00001573
00001574
00001575
00001576
00001580
00001585
00001587
00001593
00001596
00001597
00001602
00001605
00001608
00001611
00001615
00001616
00001618
00001621
00001624
00001635
00001637
00001638
00001641
00001642
00001646
00001647
00001648
00001650
00001652
00001654
00001656
00001662
00001663
00001666
00001668
00001672
00001675
00001677
00001680
00001683
00001688
00001689
00001693
00001695
00001696
00001700
00001703
00001707
00001708
00001713
00001715
00001723
00001725
00001727
00001729
00001732
00001735
00001736
00001738
00001740
00001744
00001745
00001747
00001750
00001753
00001756
00001758
00001759
00001763
00001767
00001771
00001772
00001777
00001786
00001788
00001791
00001795
00001797
00001798
00001800
00001801
00001802
00001807
00001814
00001818
00001820
00001822
00001823
00001825
00001828
00001830
00001836
00001840
00001845
00001850
00001852
00001855
00001856
00001857
00001861
00001869
00001877
00001880
00001881
00001887
00001892
00001900
00001901
00001902
00001908
00001910
00001911
00001914
00001919
00001921
00001924
00001925
00001927
00001929
00001931
00001934
00001938
00001942
00001944
00001946
00001951
00001953
00001956
00001961
00001964
00001965
00001968
00001980
00001983
00001984
00001985
00001987
00001989
00001991
00001995
00001999
00002002
00002003
00002008
00002009
00002010
00002012
00002013
00002017
00002020
00002021
00002025
00002026
00002027
00002030
00002034
00002039
00002040
00002041
00002042
00002044
00002046
00002051
00002054
00002057
00002058
00002063
00002067
00002070
00002073
00002075
00002077
00002078
00002080
00002083
00002084
00002087
00002094
00002097
00002099
00002100
00002108
00002111
00002113
00002118
00002119
00002127
00002129
00002130
00002135
00002140
00002141
00002149
00002150
00002152
00002156
00002171
00002172
00002174
00002175
00002178
00002180
00002181
00002183
00002184
00002188
00002190
00002191
00002193
00002198
00002199
00002201
00002202
00002203
00002205
00002207
00002216
00002220
00002223
00002227
00002230
00002233
00002236
00002238
00002239
00002242
00002250
00002255
00002260
00002262
00002266
00002267
00002271
00002275
00002277
00002285
00002287
00002295
00002296
00002297
00002298
00002302
00002305
00002307
00002312
00002313
00002314
00002317
00002318
00002325
00002326
00002327
00002328
00002329
00002333
00002335
00002337
00002339
00002342
00002355
00002356
00002357
00002358
00002359
00002360
00002361
00002365
00002384
00002386
00002387
00002388
00002391
00002392
00002393
00002394
00002395
00002396
00002397
00002398
00002400
00002405
00002410
00002411
00002414
00002415
00002419
00002422
00002423
00002425
00002426
00002428
00002432
00002433
00002434
00002435
00002436
00002438
00002439
00002441
00002447
00002450
00002463
00002468
00002469
00002478
00002480
00002483
00002485
00002488
00002493
00002502
00002504
00002509
00002512
00002514
00002518
00002521
00002526
00002527
00002529
00002538
00002539
00002543
00002544
00002545
00002546
00002547
00002549
00002551
00002556
00002558
00002559
00002560
00002563
00002564
00002565
00002566
00002568
00002569
00002572
00002574
00002581
00002583
00002585
00002587
00002589
00002591
00002593
00002595
00002598
00002601
00002603
00002604
00002605
00002606
00002608
00002609
00002613
00002618
00002619
00002621
00002622
00002635
00002637
00002641
00002651
00002656
00002657
00002669
00002671
00002675
00002677
00002679
00002691
00002693
00002694
00002700
00002702
00002703
00002705
00002706
00002707
00002708
00002711
00002713
00002716
00002724
00002730
00002739
00002741
00002747
00002750
00002751
00002752
00002753
00002755
00002757
00002759
00002763
00002766
00002773
00002777
00002779
00002781
00002795
00002799
00002802
00002808
00002810
00002811
00002812
00002813
00002814
00002816
00002818
00002826
00002828
00002833
00002835
00002836
00002838
00002840
00002845
00002848
00002849
00002850
00002852
00002858
00002864
00002868
00002871
00002873
00002875
00002877
00002878
00002882
00002884
00002890
00002891
00002892
00002893
00002895
00002898
00002899
00002903
00002905
00002906
00002907
00002910
00002911
00002912
00002915
00002917
00002921
00002922
00002923
00002926
00002927
00002930
00002931
00002932
00002936
00002938
00002939
00002943
00002944
00002947
00002949
00002950
00002952
00002954
00002955
00002958
00002963
00002965
00002971
00002972
00002980
00002983
00002985
00002987
00002988
00002992
00002995
00002998
00003002
00003003
00003009
00003010
00003018
00003027
00003028
00003029
00003030
00003032
00003034
00003038
00003039
00003041
00003042
00003046
00003048
00003056
00003057
00003058
00003059
00003061
00003068
00003070
00003072
00003076
00003077
00003078
00003083
00003085
00003086
00003088
00003092
00003094
00003097
00003098
00003106
00003107
00003109
00003111
00003119
00003121
00003122
00003123
00003125
00003129
00003133
00003135
00003136
00003137
00003140
00003142
00003147
00003149
00003150
00003153
00003155
00003161
00003162
00003164
00003165
00003169
00003173
00003174
00003178
00003184
00003186
00003187
00003189
00003193
00003195
00003200
00003207
00003210
00003211
00003214
00003220
00003221
00003228
00003231
00003236
00003252
00003260
00003262
00003267
00003270
00003273
00003274
00003276
00003280
00003282
00003284
00003286
00003287
00003291
00003292
00003298
00003303
00003307
00003308
00003309
00003313
00003314
00003316
00003318
00003321
00003322
00003325
00003327
00003329
00003332
00003338
00003339
00003340
00003347
00003348
00003354
00003355
00003356
00003357
00003360
00003362
00003363
00003366
00003369
00003381
00003382
00003385
00003387
00003388
00003389
00003391
00003396
00003399
00003401
00003404
00003406
00003407
00003408
00003412
00003413
00003414
00003416
00003419
00003423
00003428
00003429
00003430
00003431
00003436
00003443
00003445
00003446
00003447
00003452
00003457
00003467
00003470
00003473
00003475
00003477
00003480
00003481
00003484
00003485
00003486
00003488
00003493
00003494
00003497
00003500
00003502
00003503
00003504
00003507
00003508
00003513
00003515
00003516
00003517
00003520
00003526
00003530
00003535
00003536
00003537
00003541
00003542
00003547
00003553
00003554
00003557
00003559
00003563
00003568
00003570
00003574
00003576
00003577
00003587
00003590
00003591
00003593
00003594
00003601
00003605
00003609
00003611
00003613
00003617
00003618
00003633
00003634
00003636
00003639
00003644
00003645
00003648
00003651
00003656
00003659
00003661
00003664
00003665
00003666
00003669
00003671
00003675
00003676
00003677
00003679
00003681
00003682
00003690
00003691
00003693
00003702
00003706
00003708
00003709
00003710
00003712
00003713
00003720
00003723
00003731
00003732
00003733
00003734
00003739
00003743
00003747
00003752
00003756
00003762
00003764
00003765
00003767
00003770
00003773
00003775
00003777
00003778
00003786
00003789
00003793
00003794
00003799
00003801
00003802
00003803
00003804
00003808
00003813
00003815
00003818
00003835
00003837
00003838
00003839
00003840
00003843
00003846
00003847
00003848
00003849
00003856
00003857
00003865
00003870
00003873
00003874
00003877
00003878
00003886
00003889
00003890
00003891
00003894
00003898
00003900
00003910
00003911
00003912
00003913
00003914
00003915
00003917
00003920
00003930
00003932
00003937
00003942
00003944
00003950
00003952
00003953
00003956
00003958
00003960
00003964
00003967
00003968
00003971
00003973
00003976
00003977
00003982
00003990
00003991
00003995
00003996
00004001
00004002
00004003
00004004
00004009
00004012
00004015
00004021
00004024
00004030
00004040
00004045
00004047
00004050
00004054
00004055
00004056
00004059
00004061
00004065
00004069
00004075
00004076
00004079
00004083
00004085
00004086
00004090
00004091
00004093
00004094
00004096
00004097
00004098
00004099
00004107
00004109
00004110
00004114
00004115
00004116
00004117
00004120
00004123
00004131
00004132
00004133
00004136
00004141
00004144
00004147
00004148
00004153
00004157
00004159
00004160
00004162
00004163
00004164
00004166
00004167
00004168
00004170
00004173
00004174
00004175
00004176
00004178
00004179
00004181
00004183
00004184
00004185
00004189
00004190
00004193
00004200
00004201
00004202
00004211
00004216
00004218
00004219
00004226
00004230
00004231
00004232
00004236
00004243
00004246
00004249
00004255
00004257
00004268
00004269
00004270
00004271
00004272
00004276
00004278
00004281
00004282
00004289
00004291
00004293
00004295
00004297
00004299
00004301
00004303
00004304
00004306
00004307
00004308
00004312
00004315
00004317
00004319
00004323
00004324
00004325
00004332
00004334
00004336
00004337
00004339
00004340
00004341
00004342
00004347
00004348
00004350
00004353
00004354
00004361
00004364
00004365
00004367
00004369
00004376
00004377
00004380
00004381
00004386
00004396
00004398
00004402
00004403
00004405
00004416
00004419
00004423
00004424
00004427
00004428
00004430
00004433
00004443
00004444
00004445
00004446
00004454
00004455
00004456
00004460
00004462
00004466
00004470
00004472
00004474
00004481
00004482
00004484
00004485
00004486
00004489
00004490
00004493
00004496
00004501
00004510
00004520
00004521
00004523
00004524
00004533
00004542
00004546
00004554
00004555
00004564
00004567
00004569
00004571
00004573
00004576
00004579
00004583
00004584
00004585
00004588
00004589
00004590
00004591
00004597
00004604
00004606
00004609
00004610
00004614
00004616
00004617
00004618
00004619
00004622
00004629
00004630
00004638
00004639
00004641
00004642
00004644
00004647
00004652
00004654
00004656
00004659
00004660
00004663
00004665
00004669
00004673
00004675
00004679
00004683
00004684
00004688
00004690
00004691
00004698
00004699
00004700
00004703
00004705
00004710
00004711
00004714
00004715
00004721
00004728
00004735
00004742
00004746
00004756
00004757
00004765
00004768
00004769
00004770
00004774
00004778
00004781
00004787
00004789
00004790
00004791
00004795
00004796
00004798
00004801
00004802
00004813
00004817
00004818
00004821
00004822
00004827
00004829
00004841
00004842
00004843
00004844
00004849
00004850
00004857
00004858
00004859
00004864
00004866
00004867
00004875
00004883
00004889
00004890
00004892
00004893
00004894
00004900
00004904
00004905
00004906
00004910
00004911
00004913
00004914
00004915
00004919
00004921
00004925
00004926
00004931
00004932
00004934
00004939
00004942
00004947
00004948
00004954
00004955
00004963
00004965
00004969
00004975
00004979
00004980
00004981
00004983
00004986
00004987
00004991
00004993
00004995
00004999
00005000
00005005
00005008
00005014
00005015
00005016
00005017
00005019
00005022
00005027
00005028
00005034
00005037
00005038
00005044
00005047
00005049
00005057
00005058
00005060
00005064
00005074
00005075
00005076
00005079
00005092
00005093
00005102
00005111
00005112
00005116
00005121
00005123
00005124
00005125
00005126
00005127
00005133
00005134
00005135
00005136
00005138
00005140
00005143
00005144
00005145
00005147
00005148
00005152
00005156
00005167
00005172
00005174
00005177
00005179
00005184
00005186
00005187
00005189
00005190
00005197
00005199
00005202
00005206
00005208
00005209
00005213
00005214
00005216
00005217
00005218
00005219
00005221
00005222
00005227
00005228
00005229
00005230
00005232
00005238
00005239
00005248
00005254
00005255
00005256
00005258
00005259
00005263
00005264
00005272
00005274
00005275
00005278
00005281
00005285
00005286
00005291
00005293
00005296
00005298
00005300
00005306
00005311
00005313
00005316
00005318
00005319
00005320
00005321
00005323
00005327
00005342
00005350
00005352
00005353
00005354
00005359
00005364
00005367
00005368
00005372
00005373
00005375
00005376
00005377
00005381
00005383
00005392
00005394
00005396
00005401
00005404
00005406
00005410
00005416
00005417
00005419
00005420
00005421
00005423
00005427
00005429
00005430
00005432
00005433
00005436
00005451
00005452
00005454
00005456
00005462
00005465
00005468
00005470
00005471
00005473
00005477
00005485
00005487
00005488
00005493
00005496
00005497
00005501
00005502
00005505
00005506
00005507
00005508
00005510
00005512
00005514
00005517
00005521
00005525
00005530
00005531
00005541
00005542
00005545
00005549
00005551
00005554
00005556
00005557
00005560
00005562
00005564
00005567
00005576
00005577
00005579
00005580
00005581
00005585
00005587
00005595
00005598
00005601
00005606
00005607
00005610
00005611
00005614
00005615
00005621
00005623
00005626
00005629
00005630
00005634
00005635
00005636
00005639
00005641
00005646
00005648
00005652
00005654
00005655
00005656
00005657
00005658
00005663
00005666
00005667
00005668
00005670
00005673
00005674
00005679
00005680
00005681
00005684
00005686
00005687
00005691
00005697
00005699
00005705
00005713
00005716
00005718
00005719
00005723
00005726
00005727
00005728
00005733
00005734
00005735
00005737
00005742
00005746
00005752
00005757
00005759
00005760
00005762
00005763
00005766
00005767
00005768
00005769
00005770
00005772
00005774
00005777
00005778
00005779
00005780
00005783
00005787
00005789
00005790
00005794
00005797
00005800
00005801
00005803
00005807
00005808
00005811
00005818
00005820
00005822
00005823
00005824
00005826
00005832
00005842
00005844
00005846
00005847
00005855
00005856
00005864
00005868
00005869
00005870
00005874
00005877
00005881
00005885
00005893
00005895
00005899
00005901
00005908
00005911
00005913
00005916
00005918
00005919
00005921
00005922
00005928
00005930
00005933
00005935
00005936
00005937
00005939
00005940
00005941
00005947
00005948
00005949
00005951
00005952
00005953
00005954
00005955
00005956
00005957
00005959
00005960
00005962
00005963
00005966
00005967
00005971
00005976
00005983
00005984
00005988
00005989
00005990
00005992
00005995
00005996
00005998
00006002
00006004
00006006
00006011
00006013
00006014
00006025
00006028
00006029
00006032
00006043
00006045
00006054
00006055
00006056
00006057
00006058
00006059
00006062
00006070
00006071
00006072
00006073
00006077
00006079
00006080
00006082
00006088
00006090
00006091
00006095
00006099
00006101
00006102
00006103
00006107
00006108
00006111
00006112
00006114
00006116
00006117
00006118
00006121
00006123
00006125
00006126
00006127
00006128
00006131
00006141
00006143
00006146
00006147
00006151
00006152
00006163
00006168
00006171
00006174
00006176
00006177
00006180
00006183
00006186
00006187
00006191
00006195
00006197
00006198
00006199
00006207
00006208
00006212
00006213
00006214
00006219
00006222
00006226
00006229
00006230
00006238
00006240
00006245
00006246
00006249
00006251
00006255
00006258
00006260
00006262
00006264
00006268
00006271
00006274
00006275
00006282
00006284
00006286
00006288
00006292
00006297
00006300
00006302
00006303
00006304
00006305
00006315
00006316
00006317
00006318
00006319
00006324
00006325
00006327
00006335
00006336
00006339
00006341
00006357
00006359
00006363
00006365
00006367
00006369
00006370
00006371
00006373
00006375
00006376
00006379
00006383
00006384
00006388
00006389
00006391
00006392
00006393
00006397
00006398
00006399
00006401
00006402
00006404
00006405
00006407
00006409
00006414
00006415
00006417
00006422
00006433
00006437
00006439
00006447
00006454
00006461
00006462
00006463
00006467
00006471
00006475
00006477
00006478
00006480
00006485
00006489
00006490
00006495
00006496
00006500
00006505
00006508
00006510
00006511
00006516
00006519
00006520
00006521
00006522
00006523
00006527
00006531
00006533
00006537
00006539
00006542
00006546
00006550
00006555
00006556
00006558
00006559
00006561
00006562
00006565
00006566
00006575
00006578
00006584
00006587
00006597
00006601
00006605
00006607
00006613
00006617
00006621
00006624
00006625
00006628
00006629
00006635
00006637
00006638
00006641
00006644
00006645
00006647
00006650
00006655
00006658
00006659
00006669
00006670
00006678
00006679
00006688
00006689
00006692
00006695
00006697
00006701
00006702
00006703
00006704
00006706
00006708
00006709
00006710
00006713
00006714
00006718
00006721
00006725
00006727
00006733
00006735
00006738
00006739
00006743
00006745
00006746
00006754
00006755
00006758
00006762
00006764
00006765
00006766
00006769
00006770
00006773
00006774
00006775
00006776
00006778
00006779
00006787
00006789
00006790
00006798
00006799
00006802
00006807
00006809
00006816
00006818
00006824
00006825
00006830
00006834
00006835
00006839
00006843
00006845
00006848
00006851
00006853
00006856
00006860
00006862
00006866
00006868
00006869
00006873
00006874
00006875
00006879
00006882
00006884
00006886
00006887
00006892
00006894
00006895
00006899
00006900
00006904
00006909
00006914
00006915
00006917
00006918
00006921
00006925
00006926
00006928
00006929
00006936
00006937
00006938
00006941
00006945
00006947
00006948
00006949
00006952
00006958
00006962
00006963
00006966
00006967
00006969
00006970
00006977
00006980
00006982
00006984
00006986
00006989
00006990
00006991
00006992
00006994
00007002
00007006
00007007
00007009
00007010
00007013
00007015
00007018
00007019
00007024
00007025
00007028
00007030
00007038
00007041
00007044
00007049
00007052
00007059
00007060
00007061
00007063
00007064
00007066
00007067
00007069
00007070
00007073
00007075
00007080
00007081
00007086
00007087
00007091
00007102
00007109
00007112
00007113
00007117
00007118
00007120
00007121
00007122
00007124
00007125
00007128
00007134
00007137
00007138
00007140
00007149
00007150
00007152
00007157
00007161
00007165
00007167
00007170
00007171
00007172
00007173
00007176
00007178
00007179
00007180
00007186
00007187
00007197
00007198
00007200
00007204
00007210
00007212
00007215
00007219
00007222
00007228
00007232
00007235
00007239
00007241
00007246
00007250
00007259
00007261
00007262
00007263
00007272
00007273
00007280
00007286
00007290
00007292
00007294
00007295
00007296
00007298
00007300
00007303
00007306
00007309
00007312
00007315
00007322
00007326
00007330
00007331
00007332
00007333
00007337
00007338
00007339
00007342
00007346
00007348
00007351
00007352
00007355
00007357
00007360
00007361
00007362
00007364
00007365
00007367
00007370
00007375
00007380
00007383
00007387
00007388
00007390
00007399
00007400
00007409
00007412
00007416
00007420
00007424
00007427
00007428
00007429
00007430
00007431
00007432
00007439
00007441
00007442
00007443
00007445
00007448
00007449
00007451
00007454
00007456
00007458
00007462
00007465
00007474
00007476
00007478
00007479
00007492
00007494
00007496
00007497
00007499
00007502
00007504
00007507
00007509
00007514
00007517
00007519
00007520
00007525
00007527
00007531
00007538
00007541
00007542
00007544
00007545
00007549
00007550
00007552
00007554
00007556
00007559
00007562
00007565
00007568
00007571
00007573
00007580
00007582
00007583
00007590
00007596
00007600
00007603
00007606
00007609
00007615
00007622
00007627
00007628
00007630
00007636
00007640
00007641
00007643
00007649
00007655
00007657
00007660
00007664
00007665
00007667
00007671
00007680
00007681
00007683
00007684
00007689
00007691
00007693
00007694
00007695
00007697
00007703
00007705
00007709
00007711
00007712
00007718
00007719
00007723
00007726
00007730
00007734
00007735
00007736
00007739
00007742
00007743
00007747
00007748
00007752
00007754
00007756
00007757
00007758
00007760
00007763
00007766
00007767
00007770
00007773
00007774
00007776
00007778
00007782
00007785
00007786
00007787
00007792
00007795
00007797
00007805
00007809
00007823
00007824
00007829
00007830
00007831
00007834
00007839
00007845
00007850
00007856
00007860
00007862
00007864
00007874
00007879
00007885
00007889
00007893
00007894
00007895
00007901
00007904
00007905
00007906
00007911
00007916
00007923
00007927
00007928
00007930
00007933
00007936
00007938
00007939
00007944
00007946
00007950
00007951
00007958
00007959
00007961
00007962
00007963
00007964
00007973
00007975
00007976
00007977
00007984
00007985
00007986
00007989
00007990
00007991
00007993
00007994
00007995
00008004
00008005
00008010
00008015
00008025
00008027
00008028
00008030
00008033
00008035
00008036
00008037
00008044
00008045
00008049
00008050
00008052
00008053
00008055
00008058
00008067
00008069
00008071
00008072
00008081
00008082
00008083
00008085
00008086
00008094
00008095
00008097
00008099
00008100
00008105
00008107
00008110
00008112
00008117
00008119
00008125
00008127
00008128
00008133
00008136
00008138
00008144
00008145
00008155
00008165
00008173
00008174
00008176
00008177
00008180
00008181
00008184
00008188
00008197
00008202
00008205
00008207
00008208
00008212
00008215
00008217
00008223
00008224
00008226
00008227
00008228
00008229
00008230
00008231
00008239
00008241
00008245
00008247
00008248
00008251
00008252
00008255
00008256
00008258
00008260
00008263
00008264
00008267
00008269
00008277
00008278
00008279
00008284
00008285
00008286
00008292
00008294
00008296
00008298
00008299
00008301
00008302
00008303
00008305
00008307
00008308
00008312
00008313
00008315
00008316
00008318
00008324
00008327
00008328
00008329
00008331
00008332
00008335
00008337
00008338
00008342
00008345
00008349
00008356
00008358
00008363
00008364
00008365
00008367
00008370
00008371
00008378
00008388
00008392
00008393
00008396
00008398
00008402
00008403
00008407
00008410
00008413
00008414
00008418
00008423
00008440
00008443
00008454
00008455
00008458
00008464
00008468
00008470
00008475
00008476
00008478
00008481
00008482
00008485
00008491
00008497
00008499
00008500
00008502
00008506
00008510
00008511
00008515
00008519
00008524
00008526
00008530
00008533
00008536
00008539
00008541
00008543
00008550
00008551
00008554
00008558
00008563
00008568
00008572
00008574
00008578
00008579
00008580
00008584
00008585
00008586
00008587
00008598
00008601
00008605
00008615
00008616
00008618
00008621
00008626
00008629
00008636
00008639
00008642
00008645
00008646
00008648
00008651
00008654
00008656
00008659
00008665
00008672
00008673
00008675
00008676
00008683
00008685
00008686
00008688
00008691
00008696
00008697
00008706
00008708
00008715
00008719
00008720
00008721
00008722
00008723
00008730
00008733
00008734
00008736
00008745
00008747
00008752
00008758
00008763
00008777
00008787
00008788
00008795
00008796
00008799
00008803
00008808
00008810
00008818
00008819
00008820
00008827
00008828
00008837
00008838
00008840
00008843
00008844
00008845
00008846
00008849
00008851
00008854
00008856
00008861
00008863
00008867
00008868
00008869
00008870
00008871
00008873
00008874
00008875
00008879
00008880
00008881
00008884
00008889
00008894
00008898
00008902
00008903
00008904
00008907
00008910
00008911
00008915
00008917
00008920
00008921
00008930
00008931
00008936
00008944
00008945
00008947
00008953
00008954
00008956
00008960
00008964
00008973
00008976
00008977
00008978
00008982
00008983
00008984
00008986
00008992
00008996
00008998
00009001
00009005
00009008
00009010
00009012
00009015
00009019
00009027
00009033
00009035
00009050
00009052
00009053
00009054
00009060
00009063
00009064
00009072
00009073
00009077
00009078
00009079
00009092
00009094
00009095
00009096
00009098
00009103
00009105
00009106
00009107
00009108
00009112
00009115
00009128
00009129
00009131
00009136
00009137
00009138
00009139
00009141
00009146
00009149
00009151
00009154
00009159
00009163
00009164
00009167
00009174
00009175
00009179
00009182
00009185
00009187
00009194
00009196
00009197
00009208
00009209
00009211
00009213
00009214
00009218
00009222
00009223
00009225
00009227
00009228
00009229
00009233
00009234
00009235
00009236
00009240
00009249
00009252
00009253
00009254
00009255
00009256
00009259
00009262
00009265
00009266
00009273
00009275
00009276
00009278
00009280
00009282
00009284
00009286
00009289
00009294
00009296
00009298
00009299
00009300
00009301
00009303
00009307
00009311
00009319
00009325
00009326
00009327
00009334
00009336
00009337
00009338
00009339
00009342
00009345
00009348
00009352
00009353
00009357
00009358
00009361
00009362
00009364
00009370
00009372
00009375
00009376
00009378
00009381
00009385
00009390
00009396
00009399
00009408
00009411
00009413
00009415
00009416
00009417
00009424
00009425
00009427
00009428
00009429
00009437
00009438
00009442
00009444
00009449
00009453
00009454
00009455
00009458
00009460
00009465
00009473
00009480
00009481
00009487
00009489
00009495
00009496
00009497
00009501
00009504
00009508
00009512
00009513
00009517
00009518
00009520
00009527
00009529
00009531
00009540
00009541
00009542
00009543
00009545
00009546
00009551
00009552
00009553
00009555
00009557
00009558
00009560
00009564
00009565
00009568
00009576
00009578
00009585
00009589
00009591
00009602
00009608
00009609
00009611
00009612
00009616
00009617
00009619
00009623
00009627
00009630
00009632
00009633
00009634
00009635
00009640
00009645
00009648
00009653
00009656
00009657
00009659
00009663
00009665
00009667
00009669
00009671
00009672
00009673
00009678
00009679
00009685
00009688
00009690
00009691
00009693
00009696
00009698
00009702
00009705
00009706
00009707
00009713
00009714
00009716
00009718
00009720
00009723
00009726
00009734
00009735
00009736
00009739
00009741
00009744
00009746
00009754
00009755
00009762
00009765
00009766
00009771
00009777
00009781
00009782
00009796
00009799
00009801
00009803
00009804
00009809
00009812
00009816
00009817
00009820
00009821
00009830
00009832
00009833
00009838
00009845
00009846
00009847
00009849
00009854
00009858
00009860
00009874
00009879
00009882
00009885
00009890
00009893
00009898
00009899
00009903
00009904
00009907
00009911
00009914
00009915
00009917
00009918
00009924
00009926
00009929
00009931
00009933
00009934
00009935
00009936
00009937
00009944
00009946
00009952
00009953
00009957
00009959
00009960
00009965
00009966
00009968
00009979
00009980
00009982
00009983
00009987
00009988
00009991
00009993
00009998
00009999
00010000
00010003
00010008
00010013
00010015
00010017
00010019
00010022
00010023
00010024
00010030
00010031
00010033
00010039
00010041
00010052
00010053
00010059
00010060
00010061
00010063
00010064
00010065
00010066
00010072
00010074
00010075
00010079
00010082
00010087
00010088
00010089
00010093
00010095
00010096
00010104
00010105
00010112
00010114
00010126
00010130
00010134
00010137
00010140
00010142
00010143
00010146
00010148
00010149
00010150
00010152
00010153
00010155
00010159
00010165
00010170
00010172
00010174
00010181
00010193
00010194
00010199
00010204
00010205
00010206
00010209
00010210
00010217
00010218
00010220
00010221
00010222
00010223
00010224
00010231
00010233
00010237
00010239
00010241
00010243
00010245
00010248
00010249
00010254
00010257
00010261
00010262
00010263
00010293
00010297
00010299
00010303
00010304
00010307
00010311
00010312
00010313
00010314
00010316
00010317
00010321
00010327
00010330
00010331
00010333
00010334
00010336
00010338
00010340
00010344
00010346
00010347
00010350
00010352
00010354
00010359
00010361
00010365
00010370
00010372
00010380
00010381
00010388
00010391
00010392
00010393
00010394
00010396
00010397
00010402
00010407
00010409
00010415
00010416
00010417
00010424
00010426
00010427
00010428
00010431
00010437
00010438
00010439
00010442
00010445
00010446
00010448
00010449
00010450
00010454
00010456
00010461
00010463
00010465
00010466
00010467
00010469
00010477
00010479
00010490
00010494
00010502
00010509
00010514
00010517
00010521
00010525
00010528
00010537
00010543
00010547
00010548
00010556
00010557
00010568
00010572
00010574
00010579
00010583
00010588
00010589
00010590
00010596
00010597
00010599
00010602
00010604
00010606
00010608
00010609
00010611
00010612
00010613
00010615
00010617
00010625
00010626
00010627
00010628
00010645
00010646
00010648
00010651
00010653
00010655
00010656
00010657
00010662
00010663
00010664
00010665
00010667
00010669
00010672
00010686
00010687
00010694
00010695
00010697
00010698
00010700
00010701
00010702
00010703
00010704
00010705
00010706
00010707
00010708
00010711
00010714
00010716
00010718
00010719
00010720
00010724
00010725
00010727
00010729
00010736
00010738
00010741
00010744
00010753
00010755
00010760
00010764
00010766
00010767
00010768
00010770
00010774
00010777
00010784
00010788
00010790
00010792
00010804
00010807
00010808
00010823
00010827
00010828
00010830
00010833
00010834
00010837
00010838
00010845
00010846
00010852
00010859
00010860
00010863
00010870
00010872
00010874
00010883
00010884
00010886
00010889
00010890
00010892
00010894
00010895
00010897
00010899
00010900
00010902
00010903
00010905
00010913
00010916
00010921
00010924
00010927
00010928
00010934
00010936
00010937
00010943
00010944
00010945
00010946
00010949
00010958
00010960
00010962
00010965
00010968
00010969
00010971
00010972
00010973
00010982
00010985
00010986
00010988
00010991
00010994
00010996
00010997
00011000
00011006
00011008
00011010
00011011
00011014
00011015
00011016
00011019
00011028
00011029
00011030
00011036
00011037
00011039
00011042
00011046
00011058
00011061
00011069
00011071
00011073
00011077
00011078
00011082
00011083
00011087
00011093
00011105
00011106
00011107
00011111
00011114
00011118
00011121
00011123
00011124
00011125
00011126
00011129
00011130
00011132
00011134
00011137
00011142
00011143
00011144
00011150
00011154
00011162
00011163
00011164
00011169
00011171
00011177
00011178
00011179
00011182
00011190
00011192
00011197
00011203
00011205
00011208
00011210
00011213
00011216
00011220
00011221
00011225
00011235
00011240
00011241
00011243
00011246
00011247
00011249
00011254
00011258
00011261
00011266
00011268
00011269
00011272
00011275
00011276
00011287
00011289
00011293
00011296
00011301
00011303
00011304
00011305
00011309
00011310
00011319
00011322
00011334
00011337
00011340
00011341
00011343
00011344
00011353
00011356
00011358
00011363
00011364
00011365
00011366
00011369
00011371
00011373
00011374
00011377
00011378
00011384
00011385
00011389
00011390
00011404
00011406
00011410
00011411
00011412
00011414
00011416
00011423
00011426
00011429
00011430
00011432
00011439
00011440
00011442
00011443
00011446
00011447
00011450
00011453
00011454
00011459
00011460
00011463
00011466
00011473
00011475
00011478
00011481
00011484
00011486
00011492
00011498
00011501
00011504
00011506
00011509
00011511
00011515
00011517
00011521
00011523
00011524
00011526
00011529
00011531
00011533
00011541
00011543
00011544
00011547
00011550
00011557
00011562
00011566
00011567
00011569
00011570
00011573
00011575
00011577
00011582
00011585
00011587
00011589
00011594
00011596
00011601
00011608
00011610
00011613
00011614
00011615
00011618
00011631
00011639
00011640
00011641
00011642
00011643
00011645
00011646
00011647
00011648
00011653
00011654
00011655
00011656
00011658
00011659
00011660
00011662
00011666
00011672
00011673
00011679
00011689
00011694
00011699
00011702
00011704
00011708
00011710
00011712
00011717
00011718
00011719
00011723
00011729
00011730
00011733
00011737
00011738
00011739
00011761
00011762
00011768
00011771
00011778
00011779
00011782
00011783
00011784
00011785
00011786
00011788
00011791
00011792
00011796
00011798
00011799
00011800
00011803
00011806
00011810
00011815
00011818
00011819
00011827
00011828
00011832
00011833
00011834
00011837
00011838
00011843
00011848
00011850
00011857
00011864
00011865
00011866
00011870
00011871
00011873
00011874
00011878
00011880
00011883
00011896
00011898
00011899
00011900
00011902
00011904
00011907
00011908
00011912
00011914
00011916
00011918
00011919
00011922
00011923
00011924
00011925
00011926
00011947
00011951
00011956
00011960
00011966
00011970
00011972
00011973
00011974
00011975
00011977
00011981
00011983
00011991
00011992
00011996
00011999
00012004
00012007
00012022
00012026
00012043
00012045
00012046
00012047
00012051
00012052
00012058
00012060
00012062
00012064
00012065
00012069
00012071
00012072
00012075
00012077
00012079
00012081
00012087
00012090
00012091
00012092
00012098
00012099
00012100
00012102
00012103
00012108
00012109
00012112
00012113
00012114
00012115
00012119
00012120
00012124
00012126
00012134
00012138
00012140
00012150
00012151
00012156
00012157
00012158
00012168
00012169
00012170
00012171
00012173
00012175
00012184
00012186
00012187
00012188
00012190
00012197
00012211
00012212
00012213
00012214
00012216
00012220
00012221
00012225
00012227
00012229
00012234
00012237
00012239
00012240
00012241
00012246
00012248
00012249
00012250
00012252
00012253
00012254
00012260
00012261
00012262
00012268
00012269
00012272
00012273
00012277
00012284
00012286
00012287
00012299
00012302
00012308
00012312
00012313
00012318
00012321
00012322
00012323
00012324
00012333
00012340
00012341
00012345
00012348
00012349
00012352
00012353
00012356
00012358
00012360
00012362
00012365
00012366
00012368
00012370
00012374
00012380
00012387
00012389
00012393
00012394
00012397
00012398
00012407
00012408
00012409
00012415
00012416
00012418
00012419
00012421
00012422
00012429
00012431
00012432
00012435
00012437
00012440
00012441
00012443
00012446
00012450
00012451
00012456
00012457
00012459
00012468
00012472
00012476
00012481
00012482
00012485
00012487
00012489
00012490
00012494
00012500
00012502
00012508
00012517
00012519
00012521
00012525
00012526
00012527
00012529
00012532
00012533
00012534
00012536
00012543
00012544
00012545
00012547
00012548
00012549
00012560
00012562
00012563
00012565
00012568
00012575
00012576
00012578
00012579
00012583
00012584
00012588
00012599
00012602
00012607
00012611
00012616
00012617
00012619
00012625
00012626
00012628
00012629
00012632
00012638
00012640
00012649
00012650
00012651
00012654
00012655
00012658
00012661
00012664
00012666
00012667
00012670
00012673
00012677
00012678
00012683
00012685
00012694
00012695
00012698
00012700
00012703
00012706
00012707
00012708
00012720
00012726
00012732
00012743
00012750
00012753
00012754
00012756
00012757
00012761
00012762
00012765
00012769
00012774
00012775
00012777
00012781
00012782
00012785
00012789
00012794
00012795
00012798
00012801
00012802
00012804
00012805
00012806
00012811
00012817
00012818
00012822
00012826
00012827
00012832
00012833
00012837
00012843
00012845
00012848
00012852
00012853
00012854
00012856
00012859
00012860
00012862
00012864
00012865
00012866
00012867
00012869
00012877
00012878
00012881
00012882
00012883
00012885
00012892
00012893
00012896
00012898
00012901
00012903
00012905
00012906
00012916
00012924
00012925
00012926
00012927
00012929
00012931
00012933
00012934
00012935
00012937
00012943
00012944
00012951
00012956
00012958
00012959
00012960
00012964
00012974
00012977
00012978
00012979
00012981
00012982
00012983
00012984
00012986
00012989
00012990
00012992
00012993
00013002
00013006
00013010
00013013
00013015
00013017
00013018
00013019
00013022
00013025
00013026
00013027
00013029
00013030
00013033
00013043
00013044
00013045
00013046
00013048
00013052
00013055
00013057
00013059
00013071
00013073
00013075
00013076
00013078
00013080
00013083
00013085
00013086
00013087
00013091
00013093
00013097
00013098
00013099
00013100
00013103
00013105
00013106
00013107
00013113
00013114
00013117
00013119
00013121
00013122
00013127
00013128
00013131
00013132
00013135
00013138
00013139
00013141
00013154
00013157
00013159
00013160
00013166
00013167
00013171
00013172
00013173
00013175
00013178
00013182
00013183
00013184
00013186
00013187
00013188
00013189
00013190
00013191
00013193
00013199
00013201
00013202
00013203
00013204
00013206
00013210
00013211
00013212
00013214
00013216
00013222
00013223
00013224
00013226
00013228
00013233
00013235
00013237
00013241
00013244
00013249
00013253
00013256
00013257
00013258
00013261
00013266
00013271
00013273
00013274
00013276
00013277
00013279
00013282
00013287
00013290
00013299
00013308
00013313
00013316
00013319
00013321
00013326
00013328
00013331
