22
508.0 162.0 534.0 183.0 harbor
2567.0 3548.0 2609.0 3585.0 harbor
2914.0 3448.0 2937.0 3473.0 harbor
3090.0 3582.0 3103.0 3613.0 harbor
3189.0 3556.0 3216.0 3587.0 harbor
3332.0 3518.0 3351.0 3547.0 harbor
3446.0 3400.0 3473.0 3426.0 harbor
3465.0 3349.0 3502.0 3372.0 harbor
3487.0 3304.0 3514.0 3324.0 harbor
3506.0 3139.0 3531.0 3171.0 harbor
3585.0 2938.0 3621.0 2974.0 harbor
3524.0 2494.0 3580.0 2532.0 harbor
3604.0 2379.0 3635.0 2401.0 harbor
3873.0 2216.0 3955.0 2305.0 harbor
3762.0 2067.0 3818.0 2125.0 harbor
3703.0 2117.0 3742.0 2176.0 harbor
3810.0 1050.0 3860.0 1081.0 harbor
3728.0 947.0 3755.0 973.0 harbor
3664.0 881.0 3705.0 909.0 harbor
3445.0 286.0 3481.0 311.0 harbor
2531.0 481.0 2555.0 502.0 harbor
2542.0 467.0 2552.0 487.0 ship
