56
466.0 3797.0 538.0 3830.0 harbor
677.0 3385.0 699.0 3489.0 harbor
638.0 3461.0 654.0 3488.0 harbor
709.0 3425.0 725.0 3486.0 harbor
767.0 3442.0 781.0 3480.0 harbor
836.0 3484.0 857.0 3524.0 harbor
868.0 3493.0 884.0 3527.0 harbor
924.0 3573.0 949.0 3609.0 harbor
974.0 3605.0 996.0 3629.0 harbor
1058.0 3623.0 1076.0 3652.0 harbor
1129.0 3606.0 1151.0 3646.0 harbor
1215.0 3523.0 1264.0 3601.0 harbor
1495.0 3317.0 2314.0 3819.0 bridge
2196.0 3934.0 2267.0 3956.0 harbor
2233.0 3894.0 2278.0 3913.0 harbor
2260.0 3823.0 2269.0 3834.0 ship
2278.0 3758.0 2311.0 3782.0 harbor
2258.0 3703.0 2320.0 3743.0 harbor
2266.0 3523.0 2304.0 3607.0 harbor
2218.0 3615.0 2296.0 3674.0 harbor
2267.0 3570.0 2276.0 3583.0 ship
2347.0 3441.0 2416.0 3579.0 harbor
2374.0 3425.0 2468.0 3567.0 harbor
2346.0 3445.0 2356.0 3463.0 ship
1630.0 3112.0 1661.0 3138.0 harbor
2473.0 3261.0 2480.0 3280.0 ship
2480.0 3265.0 2488.0 3283.0 ship
2705.0 2874.0 2801.0 2964.0 harbor
2907.0 2872.0 2931.0 2927.0 harbor
2952.0 2863.0 2982.0 2911.0 harbor
2982.0 2857.0 3009.0 2899.0 harbor
3005.0 2834.0 3034.0 2880.0 harbor
3036.0 2774.0 3086.0 2817.0 harbor
3026.0 2709.0 3074.0 2726.0 harbor
2987.0 2616.0 3038.0 2646.0 harbor
2970.0 2580.0 3019.0 2607.0 harbor
2954.0 2553.0 3003.0 2581.0 harbor
2918.0 2526.0 2972.0 2565.0 harbor
1424.0 2951.0 1444.0 2976.0 harbor
1105.0 2722.0 1121.0 2743.0 harbor
1832.0 2661.0 1875.0 2708.0 harbor
1911.0 2598.0 1934.0 2626.0 harbor
1957.0 2574.0 2003.0 2618.0 harbor
1987.0 2523.0 2023.0 2565.0 harbor
2088.0 2447.0 2120.0 2486.0 harbor
2316.0 2082.0 2388.0 2127.0 harbor
3944.0 2486.0 3987.0 2555.0 harbor
3900.0 2466.0 3942.0 2538.0 harbor
3810.0 2411.0 3856.0 2484.0 harbor
3584.0 2280.0 3616.0 2340.0 harbor
3392.0 2213.0 3421.0 2260.0 harbor
3361.0 2203.0 3388.0 2248.0 harbor
3308.0 2199.0 3324.0 2224.0 harbor
2890.0 2506.0 2913.0 2539.0 harbor
479.0 3711.0 515.0 3725.0 harbor
446.0 3455.0 495.0 3532.0 harbor
